Cope 1

3.412264 
5.202348 
1.097398 
1.385430 
4.784764 
2.203313 
4.945679 
2.558311 
4.385303 
1.516174 
3.523731 
4.671126 
4.073857 
3.712176 
7.935014 
1.694425 
1.805789 
2.954674 
3.077202 
0.823447 
3.834622 
2.542266 
5.637350 
2.273156 
1.538774 
1.931126 


Cope 2

1.535068 
4.238184 
-0.224209 
1.332796 
3.722328 
0.925717 
3.446059 
1.163788 
4.122708 
1.128000 
2.474000 
4.376145 
3.145079 
2.396535 
6.469734 
1.228671 
1.384673 
3.683472 
2.573254 
1.013041 
3.907401 
3.384987 
3.992971 
1.997659 
2.121563 
1.553780 

Cope 3


1.906561 
0.917992 
1.271799 
0.041716 
1.217153 
1.334671 
1.664118 
1.378369 
0.361841 
0.393026 
1.084021 
0.481569 
0.994349 
1.279762 
1.650599 
0.444444 
0.569314 
-0.667606 
0.490241 
-0.399220 
0.116281 
-0.812943 
1.657804 
0.278982 
-0.533810 
0.476544 

