Cope 1

4.080636 
4.794604 
1.010691 
3.255485 
7.270692 
3.761219 
4.410997 
4.951492 
4.755534 
2.515526 
4.362318 
3.457694 
4.213548 
4.766892 
9.446540 
5.127112 
7.348770 
2.595156 
5.400813 
3.657744 
2.910255 
4.158768 
2.539741 
3.107377 
3.149785 
2.823839 


Cope 2 

2.084024 
4.113791 
-0.532344 
3.695697 
6.224378 
3.192126 
3.244379 
3.237108 
3.880034 
2.314843 
4.525784 
2.690754 
5.049577 
3.759808 
7.303679 
4.373854 
6.638027 
2.474497 
4.842839 
3.178112 
2.649625 
3.490484 
0.916240 
2.600261 
2.342490 
2.521924 


Cope 3

2.120406 
0.626413 
1.459447 
-0.388470 
1.162097 
0.622329 
1.313369 
2.009670 
1.018072 
0.196962 
-0.186769 
0.959290 
-0.794951 
0.915692 
2.532601 
0.759289 
0.902898 
0.171134 
0.533292 
0.490190 
0.307744 
0.640649 
1.515697 
0.471575 
0.841705 
0.381022 

