Cope 1

2.089307 
2.594460 
1.485128 
2.341444 
3.965129 
1.837615 
3.649120 
2.744803 
0.874999 
1.356962 
3.984765 
3.725352 
1.212296 
0.734683 
4.354397 
1.167146 
3.690854 
0.974800 
0.200230 
1.861118 
3.061493 
1.175443 
3.716356 
1.118521 
0.090384 
1.242893 



Cope 2

0.552129 
1.675437 
0.515571 
1.111200 
3.144800 
0.333922 
1.596485 
0.390260 
1.076509 
1.666911 
3.454438 
2.406267 
1.482867 
0.861914 
3.404288 
0.397431 
2.787974 
1.308639 
1.027254 
2.134347 
1.881645 
0.071970 
1.858720 
0.716670 
0.545446 
0.725507 


Cope 3


1.590488 
0.872992 
0.883928 
1.107227 
1.119567 
1.505509 
2.245371 
2.273584 
-0.198349 
-0.283141 
0.543188 
1.511462 
-0.284613 
-0.134650 
1.090737 
0.750235 
1.006716 
-0.278870 
-0.751100 
-0.203745 
1.118701 
1.053600 
1.715155 
0.344678 
-0.389366 
0.570511 

