Cope 1
2.245118 
3.405370 
3.138997 
4.247256 
3.893293 
3.827490 
3.540013 
4.253765 
3.853186 
2.371428 
2.491948 
3.517918 
5.917525 
4.277461 
8.158216 
4.215469 
4.798663 
2.978862 
3.869627 
2.521782 
6.022572 
3.679773 
2.996586 
2.123967 
3.446537 
2.531455 

Cope2

0.668182 
3.183455 
2.152649 
2.369305 
2.739888 
3.154626 
2.823043 
3.280489 
3.552437 
2.008076 
1.837653 
2.776320 
4.785521 
4.740162 
7.117368 
3.468043 
4.132190 
3.082284 
3.620796 
2.049063 
4.696358 
3.395974 
1.352820 
1.886870 
3.150473 
1.853702 


cope3

1.645866 
0.229662 
0.966368 
1.917629 
1.270263 
0.750077 
0.910091 
1.096163 
0.404161 
0.344762 
0.670409 
0.965522 
1.216427 
-0.553327 
1.184986 
0.803120 
0.916628 
-0.030290 
0.279049 
0.528951 
1.411927 
0.211486 
1.608261 
0.205072 
0.268543 
0.782907 

