Cope 1

3.616852 
3.246256 
1.561258 
3.784438 
3.380622 
1.823210 
2.174685 
1.236094 
2.960576 
0.113111 
4.103619 
4.508228 
3.337091 
-0.353675 
7.365674 
1.003245 
1.715846 
1.397686 
2.100068 
2.150039 
3.564206 
0.427826 
3.032027 
0.797838 
1.189239 
0.644818 


Cope 2

1.455606 
2.438213 
-0.346702 
2.816757 
2.296508 
1.432886 
0.402509 
0.382645 
2.969780 
-0.061942 
3.659310 
2.657534 
2.883769 
-0.620641 
5.898150 
0.152079 
1.057812 
1.429375 
2.569512 
2.271886 
2.312253 
-0.117343 
1.909190 
0.248158 
0.967509 
0.288180 


Cope 3

2.255330 
0.799141 
1.740447 
0.985003 
1.301761 
0.416844 
1.820343 
0.881632 
0.050146 
0.151529 
0.433212 
2.150129 
0.521145 
0.260623 
1.658164 
0.867349 
0.753679 
-0.017097 
-0.416751 
-0.085371 
1.360538 
0.576505 
1.062654 
0.541789 
0.286483 
0.405766 

