cope 1

2.282459 
2.172360 
1.917847 
2.888487 
4.194895 
1.270135 
2.252185 
1.791886 
1.448819 
2.220508 
4.699137 
3.867240 
3.008691 
0.960515 
2.817873 
2.054671 
3.061708 
0.505911 
1.454947 
2.169363 
3.783048 
3.630618 
2.824022 
0.829511 
0.418455 
0.313652 



cope 2

0.619468 
1.539623 
0.169985 
2.099389 
2.832294 
1.422806 
0.819344 
-0.099103 
1.469680 
2.175317 
4.137407 
2.661155 
2.435402 
1.162923 
2.572927 
0.962594 
1.405013 
1.442517 
1.975848 
2.047613 
2.348078 
1.846232 
1.318638 
0.921053 
0.459166 
0.095997 


cope3 

1.681940 
0.548869 
1.661411 
0.788470 
1.576242 
-0.155841 
1.482489 
1.920449 
0.003912 
0.048809 
0.576584 
1.389591 
0.606573 
-0.158473 
0.422859 
1.063937 
1.881113 
-0.922140 
-0.425017 
0.154816 
1.572736 
1.926343 
1.352578 
-0.111695 
0.052337 
0.214714 

