Cope 1

2.541524 
2.673710 
-0.513441 
3.471480 
4.270805 
4.572539 
4.239206 
2.340120 
1.809390 
2.375762 
2.461263 
4.311261 
2.800218 
3.932899 
7.397931 
2.379319 
3.819772 
1.078800 
3.187823 
2.126820 
2.443818 
2.262838 
3.467156 
2.172199 
1.038224 
0.470198 

Cope 2

0.679227 
2.072548 
-1.180322 
3.040710 
3.227874 
3.043138 
1.782179 
0.550447 
0.921450 
1.515860 
2.007521 
4.161877 
2.152746 
4.251528 
6.019708 
1.867203 
3.164113 
0.520468 
3.189658 
1.924694 
1.299895 
1.146585 
1.743272 
1.219757 
0.963860 
0.708048 

Cope 3 

1.827900 
0.542638 
0.654591 
0.371713 
1.203471 
1.601706 
2.384032 
1.901398 
0.939798 
0.812816 
0.416810 
0.236680 
0.725401 
-0.408328 
1.532363 
0.453006 
0.744169 
0.613848 
-0.053229 
0.169848 
1.171143 
1.143358 
1.584320 
0.923892 
0.188471 
-0.216119 
